7 3 4 1 2 8 6 5 9 555 
1 2 7 4 9 5 8 999 
3 8 1 2 5 7 9 999 
1 9 3 2 7 4 5 999 
3 2 9 6 5 1 7 999 
3 4 9 6 5 1 7 999 
3 5 7 1 9 6 8 999 
3 6 1 2 7 4 5 999 
3 7 9 6 1 2 5 999 
9 3 7 8 1 4 5 999 
9 4 3 6 5 1 7 999 
3 9 7 5 1 2 4 999 
7 1 3 5 9 6 8 999 
1 3 7 4 9 5 8 999 
1 4 3 2 9 5 6 999 
7 2 9 8 5 1 3 999 
7 3 9 8 1 4 5 999 
7 4 9 8 3 5 6 999 
1 5 9 3 7 4 8 999 
1 6 7 4 5 3 9 999 
7 5 3 9 1 2 4 999 
7 6 9 8 1 4 5 999 
7 8 1 4 3 2 5 999 
7 9 1 4 3 2 5 999 
9 1 7 8 3 5 6 999 
9 2 3 6 7 5 8 999 
1 7 9 5 3 2 6 999 
1 8 3 2 5 7 9 999 
9 5 1 3 7 4 8 999 
9 6 7 8 1 4 5 999 
9 7 1 5 3 2 6 999 
9 8 3 6 1 2 5 999 
6 5 8 1 9 3 7 999 
6 5 8 7 3 9 1 2 5 4 555 
9 1 5 3 2 8 6 4 7 555 
7 4 5 3 6 1 2 9 8 999 
6 4 8 1 7 9 5 2 3 999 
1 8 3 2 5 7 9 999 
9 2 3 6 7 5 8 999 
2 5 3 1 9 6 4 8 7 555 
7 5 3 9 1 4 2 999 
3 5 7 1 9 8 6 999 
8 1 5 2 3 7 4 6 9 555 
5 1 3 7 4 6 2 8 9 555 
9 5 1 7 3 2 6 999 
7 6 9 8 1 5 4 999 
3 4 9 6 5 2 1 999 
6 9 7 1 5 3 4 999 
1 5 9 2 8 7 3 6 4 555 
8 1 7 9 5 2 3 999 
8 3 5 2 1 9 6 4 7 555 
