1 5 9 8 2 3 7 4 6 555 
1 5 9 3 7 4 8 111 
1 4 3 2 9 5 6 111 
1 5 9 4 6 3 7 8 2 555 
5 7 1 9 8 2 6 4 3 555 
4 6 1 7 5 9 8 3 999 
1 7 9 5 3 2 6 111 
4 7 9 6 3 5 2 1 8 555 
6 5 7 9 1 4 3 2 8 555 
5 7 9 1 4 6 2 8 3 555 
1 5 9 6 4 7 3 2 8 555 
1 6 7 4 5 3 9 111 
1 5 9 6 4 7 3 2 8 555 
1 5 9 8 2 3 7 4 6 555 
9 5 1 8 2 3 7 4 6 555 
9 5 1 7 3 2 8 6 4 555 
1 5 9 6 4 7 3 2 8 555 
1 5 9 8 2 3 7 4 6 555 
1 5 7 4 6 2 8 9 3 555 
3 4 9 6 5 1 7 111 
3 7 9 6 1 2 5 111 
3 5 7 1 9 6 8 111 
3 8 1 2 5 7 9 111 
4 6 3 2 9 1 7 5 8 111 
4 1 9 7 3 6 2 8 5 555 
3 6 1 2 7 4 5 111 
3 2 9 6 5 1 7 111 
1 8 3 2 5 7 9 111 
1 3 7 4 9 5 8 111 
3 5 7 6 4 1 9 8 2 555 
3 9 7 5 1 2 4 111 
7 5 3 2 8 9 1 4 6 555 
7 3 9 8 1 4 5 111 
7 6 9 8 1 4 5 111 
1 5 9 7 3 2 8 6 4 555 
1 2 7 4 9 5 8 111 
1 5 9 7 3 2 8 6 4 555 
1 5 9 2 8 7 3 6 4 555 
7 4 9 8 3 5 6 111 
7 2 9 8 5 1 3 111 
7 5 3 6 4 1 9 8 2 555 
7 5 9 8 2 1 6 3 4 555 
7 9 1 4 3 2 5 111 
9 6 7 8 1 4 5 111 
1 9 3 2 7 4 5 111 
9 1 7 8 3 5 6 111 
9 7 1 5 3 2 6 111 
9 3 7 8 1 4 5 111 
7 8 1 4 3 2 5 111 
7 5 3 1 9 6 4 8 2 555 
7 1 3 5 9 6 8 111 
7 5 3 9 1 2 4 111 
9 2 3 6 7 5 8 111 
9 5 1 3 7 4 8 111 
4 9 6 5 1 7 3 8 999 
7 5 1 4 6 3 9 8 2 555 
6 3 4 5 7 1 9 2 999 
5 2 3 7 9 1 4 6 8 555 
9 5 3 6 4 7 2 1 8 555 
9 5 7 8 2 1 6 3 4 555 
2 1 9 8 3 6 7 5 4 555 
6 3 4 5 9 7 999 
9 5 1 3 7 4 8 111 
9 1 7 8 3 5 6 111 
9 1 7 8 3 5 6 111 
9 3 7 8 1 4 5 111 
9 8 3 6 1 2 5 111 
9 4 3 6 5 1 7 111 
9 7 1 5 3 2 8 6 4 555 
1 5 9 3 7 4 8 111 
1 3 9 5 7 4 8 111 
1 7 9 5 3 2 6 111 
1 9 7 4 3 2 5 111 
1 2 9 5 8 7 3 6 4 555 
1 2 7 4 9 5 8 111 
1 4 3 2 9 5 6 111 
1 6 7 4 5 3 9 111 
1 8 3 2 5 7 9 111 
1 5 9 7 3 2 6 111 
1 5 9 2 8 7 3 6 4 555 
1 5 9 2 8 7 3 6 4 555 
3 5 7 1 9 6 8 111 
3 5 7 9 1 2 8 4 6 555 
3 5 7 9 1 2 4 111 
3 5 7 2 9 8 999 
3 5 7 2 8 9 1 4 6 555 
3 5 7 2 8 9 4 1 999 
7 5 3 1 9 6 8 111 
7 5 3 9 1 2 4 111 
7 5 3 2 8 9 1 4 6 555 
7 5 3 2 8 9 1 4 6 555 
9 5 1 7 3 2 8 6 4 555 
9 5 1 7 3 2 6 111 
9 5 1 2 8 7 3 6 4 555 
6 5 3 9 7 1 999 
5 2 9 1 3 6 7 111 
5 3 7 2 1 4 9 111 
5 7 4 6 1 9 3 8 999 
5 7 4 6 1 9 8 3 999 
5 7 9 1 4 6 2 8 3 555 
5 7 1 9 8 2 6 4 3 555 
5 7 6 4 1 9 8 2 3 555 
5 7 1 9 8 2 3 6 4 555 
5 7 8 2 1 9 3 6 4 555 
5 7 6 4 1 9 8 2 3 555 
5 7 1 9 3 8 999 
5 7 9 1 4 6 8 2 3 555 
9 4 5 1 7 3 8 111 
9 7 5 1 4 6 8 2 3 555 
9 5 1 8 2 3 7 4 6 555 
9 8 5 1 3 6 7 111 
9 6 7 8 1 4 5 111 
9 7 2 8 3 1 4 6 5 555 
9 5 1 2 8 7 3 6 4 555 
9 7 5 1 4 6 2 8 3 555 
9 5 1 2 8 7 3 6 4 555 
9 7 3 6 1 2 5 111 
9 2 7 8 1 5 999 
9 2 7 8 5 1 3 111 
9 2 7 8 5 1 3 111 
9 5 1 6 4 7 3 2 8 555 
3 5 7 2 9 8 999 
3 5 7 2 8 9 1 4 6 555 
3 5 7 2 8 9 1 4 6 555 
1 5 9 4 6 3 2 7 999 
4 9 5 6 3 7 1 8 999 
4 9 1 7 8 3 6 5 999 
7 5 9 8 2 4 6 3 1 555 
8 5 9 7 3 6 4 2 1 555 
1 5 4 7 3 2 8 9 6 555 
6 3 1 8 4 5 7 111 
6 5 1 7 9 3 999 
6 5 9 3 7 8 2 4 1 555 
